0,1.51126,0,0,0
-1,1.53082,0.0195535,0.0195535,0
1,1.49902,-0.0122397,-0.0122397,0
-2,1.53082,0,0.0195535,0
2,1.50085,0.00182259,-0.0104171,0
-3,1.50333,-0.0274863,-0.00793278,0
3,1.49686,-0.0039897,-0.0144068,0
-4,1.47648,-0.0268489,-0.0543352,0
4,1.49776,0.00089848,-0.00126863,0
-5,1.48492,0.00843298,-0.0459023,0
5,1.50341,0.00565803,0.00256681,0
-6,1.51204,0.0271251,0.00870919,0
6,1.50258,-0.000834465,0.00572205,0
-7,1.5128,0.000756383,0.0363145,0
7,1.50915,0.00656688,0.0113904,0
-8,1.50678,-0.00601554,0.021866,0
8,1.51063,0.00148189,0.00721431,0
-9,1.51889,0.0121136,0.00685441,0
9,1.51063,0,0.00804877,0
-10,1.49808,-0.0208178,-0.0147197,0
10,1.50838,-0.00225055,-0.000768661,0
-11,1.48492,-0.0131618,-0.021866,0
11,1.48922,-0.0191607,-0.0214113,0
-12,1.5051,0.0201862,-0.0137933,0
12,1.48564,-0.00357985,-0.0249912,0
-13,1.50423,-0.000873446,0.00615096,0
13,1.48766,0.00201809,-0.0207225,0
-14,1.49508,-0.00914884,0.0101639,0
14,1.48958,0.00192499,0.000363231,0
-15,1.49949,0.00440955,-0.00561273,0
15,1.49665,0.00706673,0.0110098,0
-16,1.48279,-0.0166999,-0.0214392,0
16,1.51404,0.0173924,0.0263841,0
-17,1.49846,0.0156701,0.0033797,0
17,1.51404,0,0.0244591,0
-18,1.49294,-0.00551915,-0.006549,0
18,1.49748,-0.0165576,0.000834823,0
-19,1.48014,-0.0128034,-0.00265253,0
19,1.50348,0.00600088,-0.0105567,0
-20,1.50146,0.0213268,0.00300419,0
20,1.51941,0.0159305,0.00537384,0
-21,1.52256,0.0210947,0.029618,0
21,1.5058,-0.0136137,0.00831771,0
-22,1.50965,-0.0129097,0.0295118,0
22,1.48014,-0.0256629,-0.0233461,0
-23,1.49611,-0.0135427,-0.00535762,0
23,1.46148,-0.0186586,-0.0579352,0
-24,1.49508,-0.00102627,-0.0274786,0
24,1.4833,0.0218232,-0.0224984,0
-25,1.50049,0.00541055,-0.00915837,0
25,1.49142,0.00811708,0.0112816,0
-26,1.51289,0.0124003,0.0167845,0
26,1.4983,0.00687993,0.0368202,0
-27,1.4748,-0.038094,-0.0202832,0
27,1.4991,0.000798345,0.0157954,0
-28,1.42264,-0.0521598,-0.0778536,0
28,1.49988,0.00078094,0.00845921,0
-29,1.40205,-0.0205901,-0.110844,0
29,1.50064,0.000764132,0.00234342,0
-30,1.41493,0.012882,-0.0598679,0
30,1.50064,0,0.00154507,0
-31,1.38915,-0.0257807,-0.0334888,0
31,1.51591,0.0152651,0.0160292,0
-32,1.36831,-0.0208358,-0.0337344,0
32,1.4983,-0.0176085,-0.00234342,0
-33,1.33824,-0.0300723,-0.0766888,0
33,1.47504,-0.0232531,-0.0255965,0
-34,1.3274,-0.010842,-0.0617501,0
34,1.49665,0.0216019,-0.0192597,0
-35,1.2988,-0.0286002,-0.0695145,0
35,1.51882,0.0221733,0.0205221,0
-36,1.28824,-0.0105559,-0.049998,0
36,1.52432,0.00549817,0.0492734,0
-37,1.31535,0.0271132,-0.0120429,0
37,1.5153,-0.00902045,0.018651,0
-38,1.31019,-0.00516069,0.0113966,0
38,1.49486,-0.0204421,-0.0239644,0
-39,1.31535,0.00516069,0.0271132,0
39,1.51204,0.0171849,-0.0122777,0
-40,1.2992,-0.0161579,-0.0161579,0
40,1.50705,-0.00498748,-0.00824475,0
-41,1.25308,-0.0461187,-0.0571159,0
41,1.4916,-0.0154557,-0.00325835,0
-42,1.23709,-0.0159838,-0.0782604,0
42,1.49725,0.00564778,-0.0147954,0
-43,1.26086,0.0237621,-0.0383404,0
43,1.49725,0,-0.00980794,0
-44,1.27373,0.0128759,0.0206542,0
44,1.50284,0.0055933,0.0112411,0
-45,1.31804,0.0443096,0.0809476,0
45,1.50838,0.00553918,0.0111325,0
-46,1.31667,-0.00137019,0.0558153,0
46,1.51327,0.00489068,0.0160232,0
-47,1.28547,-0.0312047,0.0117347,0
47,1.50772,-0.00554597,0.00488389,0
-48,1.26592,-0.0195451,-0.05212,0
48,1.49801,-0.00971377,-0.0103691,0
-49,1.28547,0.0195451,-0.0312047,0
49,1.49876,0.0007478,-0.0145119,0
-50,1.30227,0.0168073,0.0168073,0
50,1.48851,-0.0102479,-0.0192139,0
-51,1.27934,-0.0229347,0.0134177,0
51,1.47828,-0.0102307,-0.0197308,0
-52,1.28622,0.00687921,0.000751853,0
52,1.5016,0.0233223,0.00284374,0
-53,1.31019,0.0239751,0.00791967,0
53,1.53272,0.0311195,0.0442111,0
-54,1.31617,0.00597775,0.0368321,0
54,1.56145,0.0287313,0.0831732,0
-55,1.2787,-0.0374736,-0.00752068,0
55,1.63233,0.0708791,0.13073,0
-56,1.25308,-0.0256201,-0.0571159,0
56,1.77398,0.141653,0.241264,0
-57,1.24905,-0.00403225,-0.0671259,0
57,2.06019,0.286206,0.498738,1
-58,1.25325,0.00420165,-0.0254507,0
58,2.27419,0.213998,0.641857,1
-59,1.26524,0.0119914,0.0121608,0
59,2.4405,0.166314,0.666518,1
-60,1.26134,-0.0038985,0.0122945,0
60,2.57113,0.130631,0.510943,1
-61,1.25752,-0.00382006,0.00427282,0
61,2.72811,0.15698,0.453925,1
-62,1.28547,0.0279467,0.0202281,0
62,2.86468,0.136572,0.424183,1
-63,1.30567,0.0201985,0.0443251,0
63,2.94606,0.081372,0.374924,1
-64,1.29069,-0.0149771,0.0331681,0
64,2.97117,0.0251131,0.243057,0
-65,1.28116,-0.00952506,-0.00430369,0
65,2.96377,-0.00740147,0.0990837,0
-66,1.28474,0.00358164,-0.0209205,0
66,2.94967,-0.014096,0.00361562,0
-67,1.28984,0.00509465,-0.00084877,0
67,2.92916,-0.0205109,-0.0420084,0
-68,1.28749,-0.00235116,0.00632513,0
68,2.93881,0.00965047,-0.0249565,0
-69,1.24175,-0.0457417,-0.0429982,0
69,2.95652,0.0177093,0.00684881,0
-70,1.29026,0.0485129,0.000420094,0
70,2.96901,0.0124943,0.039854,0
-71,1.23955,-0.0507072,-0.047936,0
71,2.98257,0.0135548,0.0437584,0
-72,1.18663,-0.0529255,-0.0551198,0
72,2.99558,0.013011,0.0390601,0
-73,1.07944,-0.10719,-0.210822,0
73,2.99835,0.00276923,0.029335,0
-74,0.812419,-0.267019,-0.427134,1
74,2.97493,-0.0234208,-0.0076406,0
-75,0.45766,-0.354759,-0.728967,1
75,2.97644,0.00151515,-0.0191364,0
-76,0.219171,-0.238489,-0.860267,1
76,2.98929,0.0128489,-0.00905681,0
-77,0.0047393,-0.214431,-0.807679,1
77,2.97721,-0.0120802,0.00228381,0
-78,6.14937,-0.13855,-0.591471,1
78,2.986,0.00878525,0.00955391,0
-79,6.09338,-0.0559946,-0.408976,1
79,2.99434,0.00834298,0.00504804,0
-80,6.07595,-0.0174322,-0.211977,0
80,2.97793,-0.0164089,0.000719309,0
-81,6.07096,-0.00498721,-0.078414,0
81,2.96333,-0.0146067,-0.0226727,0
-82,6.05481,-0.0161524,-0.0385718,0
82,2.96174,-0.0015862,-0.0326018,0
-83,6.06278,0.00797333,-0.0131663,0
83,2.97117,0.00942993,-0.00676298,0
-84,6.06817,0.00538915,-0.00278991,0
84,2.98257,0.0114005,0.0192442,0
-85,6.06866,0.000490382,0.0138529,0
85,2.98727,0.00470448,0.0255349,0
-86,6.07136,0.00269696,0.0085765,0
86,2.98765,0.000374079,0.016479,0
-87,6.06509,-0.00626899,-0.00308165,0
87,2.98894,0.00129533,0.00637388,0
-88,6.03063,-0.0344577,-0.0380298,0
88,2.9997,0.0107522,0.0124216,0
-89,6.01518,-0.0154506,-0.0561773,0
89,2.99468,-0.00501871,0.00702882,0
-90,6.02226,0.00707668,-0.0428317,0
90,2.98645,-0.00822544,-0.00249195,0
-91,6.00489,-0.0173714,-0.0257454,0
91,2.99337,0.00691509,-0.00632906,0
-92,6.00628,0.00139081,-0.00890395,0
92,2.99608,0.00271034,0.00139999,0
-93,6.02484,0.0185652,0.00258461,0
93,2.98926,-0.00682163,0.0028038,0
-94,6.02691,0.00207308,0.0220291,0
94,2.98584,-0.00341558,-0.00752687,0
-95,5.99896,-0.027955,-0.00731665,0
95,3.00208,0.0162399,0.00600266,0
-96,6.01058,0.0116157,-0.0142662,0
96,3.04369,0.0416129,0.0544372,0
-97,6.03063,0.0200556,0.00371626,0
97,3.02396,-0.0197358,0.0381169,0
-98,6.03029,-0.000339806,0.0313314,0
98,2.98224,-0.0417156,-0.0198386,0
-99,6.01593,-0.014365,0.00535074,0
99,2.98363,0.00138688,-0.0600646,0
-100,6.0355,0.0195777,0.0048729,0
100,2.97717,-0.00645661,-0.0467854,0
-101,6.02754,-0.00796355,-0.00275084,0
101,2.96215,-0.0150228,-0.0200925,0
-102,6.00411,-0.0234269,-0.0118128,0
102,2.97409,0.0119462,-0.00953317,0
-103,5.99334,-0.0107746,-0.0421651,0
103,3.00484,0.0307424,0.0276659,0
-104,6.04085,0.0475133,0.0133117,0
104,3.00846,0.00361919,0.0463078,0
-105,6.09009,0.0492387,0.0859774,0
105,2.98861,-0.0198438,0.0145178,0
-106,6.10131,0.0112188,0.107971,0
106,2.97644,-0.0121684,-0.028393,0
-107,6.06339,-0.0379193,0.0225381,0
107,2.99356,0.0171168,-0.0148954,0
-108,5.99656,-0.0668262,-0.0935267,0
108,3.00587,0.0123076,0.017256,0
-109,5.98123,-0.0153299,-0.120075,0
109,3.00223,-0.00363803,0.0257864,0
-110,5.98591,0.00467125,-0.0774848,0
110,2.9997,-0.00253487,0.00613475,0
-111,6.01224,0.026333,0.0156744,0
111,3.0167,0.0170093,0.0108364,0
-112,6.02913,0.0168893,0.0478936,0
112,3.03471,0.0180006,0.032475,0
-113,6.01018,-0.0189512,0.0242712,0
113,3.04934,0.0146389,0.0496488,0
-114,5.99896,-0.0112168,-0.0132786,0
114,3.04009,-0.0092535,0.023386,0
-115,6.02532,0.0263609,-0.00380704,0
115,2.99151,-0.0485806,-0.0431952,0
-116,6.03689,0.0115718,0.026716,0
116,2.97721,-0.0142975,-0.0721316,0
-117,6.01893,-0.0179673,0.0199655,0
117,2.97206,-0.00514817,-0.0680263,0
-118,6.01402,-0.00490746,-0.0113029,0
118,2.99723,0.0251651,0.00571942,0
-119,6.02081,0.00678763,-0.0160871,0
119,3.04455,0.0473237,0.0673406,0
-120,6.04786,0.0270561,0.0289362,0
120,3.10126,0.0567026,0.129191,0
-121,6.04395,-0.00390781,0.0299359,0
121,3.09186,-0.00939584,0.0946305,0
-122,6.00028,-0.0436692,-0.020521,0
122,3.00359,-0.0882735,-0.0409667,0
-123,6.00098,0.000698,-0.0468791,0
123,2.95918,-0.0444093,-0.142079,0
-124,5.98877,-0.0122108,-0.055182,0
124,3.00231,0.0431361,-0.0895467,0
-125,5.87518,-0.113589,-0.125101,0
125,3.09575,0.0934398,0.0921667,0
-126,5.76781,-0.10737,-0.23317,0
126,3.23896,0.143205,0.279781,1
-127,5.62789,-0.139924,-0.360882,1
127,3.4146,0.175643,0.412288,1
-128,5.43195,-0.195941,-0.443235,1
128,3.66017,0.245573,0.564421,1
-129,5.45184,0.0198941,-0.31597,1
129,3.88157,0.221393,0.642609,1
-130,5.25281,-0.199034,-0.375081,1
130,3.98941,0.107842,0.574808,1
-131,5.12252,-0.130292,-0.309432,1
131,4.04548,0.0560713,0.385306,1
-132,5.0621,-0.060412,-0.389738,1
132,4.16622,0.120742,0.284655,1
-133,5.11091,0.0488071,-0.141897,0
133,4.22771,0.0614896,0.238302,0
-134,5.05794,-0.0529668,-0.0645717,0
134,4.17345,-0.0542631,0.127968,0
-135,5.03414,-0.023805,-0.0279647,0
135,4.16278,-0.0106673,-0.00344086,0
-136,5.05168,0.017542,-0.0592299,0
136,4.184,0.0212173,-0.0437131,0
-137,5.02567,-0.0260165,-0.0322795,0
137,4.17197,-0.0120294,-0.00147939,0
-138,4.98334,-0.0423293,-0.0508038,0
138,4.14354,-0.0284283,-0.0192404,0
-139,4.99069,0.00735283,-0.060993,0
139,4.12916,-0.0143816,-0.0548394,0
-140,4.96339,-0.027297,-0.0622735,0
140,4.16017,0.0310111,-0.0117989,0
-141,4.9957,0.0323054,0.0123612,0
141,4.17799,0.017823,0.0344524,0
-142,5.00995,0.0142537,0.0192621,0
142,4.1837,0.0057056,0.0545397,0
-143,4.95737,-0.0525831,-0.006024,0
143,4.17815,-0.00554729,0.0179813,0
-144,4.98271,0.0253468,-0.0129826,0
144,4.19324,0.0150909,0.0152493,0
-145,5.02689,0.044179,0.0169426,0
145,4.1949,0.00165844,0.0112021,0
-146,4.93919,-0.0877055,-0.0181798,0
146,4.19267,-0.00223398,0.0145154,0
-147,4.90582,-0.0333716,-0.0768981,0
147,4.16577,-0.0268993,-0.0274749,0
-148,4.94229,0.0364771,-0.0846,0
148,4.15134,-0.0144305,-0.0435638,0
-149,4.95995,0.0176582,0.0207638,0
149,4.11922,-0.032119,-0.0734489,0
-150,4.94066,-0.0192889,0.0348464,0
150,4.07815,-0.0410717,-0.0876212,0
-151,4.97361,0.0329448,0.0313141,0
151,4.11034,0.032192,-0.0409987,0
-152,4.96971,-0.00389481,0.0097611,0
152,4.14133,0.0309951,0.0221155,0
-153,4.96876,-0.000955939,0.0280941,0
153,4.14499,0.00365567,0.0668428,0
-154,4.98819,0.0194381,0.0145874,0
154,4.17197,0.0269799,0.0616307,0
-155,4.99323,0.00503182,0.023514,0
155,4.17955,0.00757575,0.0382113,0
-156,4.95941,-0.0338141,-0.0093441,0
156,4.1976,0.0180597,0.0526154,0
-157,4.95737,-0.00204504,-0.0308273,0
157,4.17832,-0.0192862,0.00634933,0
-158,4.96546,0.00809705,-0.0277621,0
158,4.17646,-0.00185823,-0.00308466,0
-159,4.96319,-0.00227189,0.00378013,0
159,4.17043,-0.00602961,-0.027174,0
-160,4.99069,0.0274959,0.033321,0
160,4.18299,0.0125618,0.00467396,0
-161,4.99933,0.0086391,0.0338631,0
161,4.18594,0.00295115,0.00948334,0
-162,4.96283,-0.0364957,-0.000360727,0
162,4.19503,0.00908566,0.0245986,0
-163,4.97989,0.0170622,-0.0107944,0
163,4.21717,0.0221434,0.0341802,0
-164,4.97485,-0.00504589,-0.0244794,0
164,4.18362,-0.0335567,-0.00232768,0
-165,4.94876,-0.0260863,-0.01407,0
165,4.16042,-0.0231974,-0.0346107,0
-166,4.9704,0.0216342,-0.009498,0
166,4.16278,0.00236273,-0.0543914,0
-167,4.9798,0.00940359,0.00495148,0
167,4.16406,0.00127673,-0.019558,0
-168,4.92755,-0.0522506,-0.0212128,0
168,4.16593,0.00186896,0.00550842,0
-169,4.92141,-0.00613725,-0.0489843,0
169,4.19595,0.0300257,0.0331714,0
-170,4.9546,0.0331856,-0.0252023,0
170,4.22086,0.0249074,0.056802,0
-171,4.98585,0.0312524,0.0583007,0
171,4.2127,-0.0081563,0.0467768,0
-172,4.97131,-0.0145415,0.0498965,0
172,4.20529,-0.00741339,0.00933766,0
-173,4.96606,-0.00524533,0.0114655,0
173,4.27233,0.06704,0.0514703,0
-174,4.95607,-0.00999582,-0.0297827,0
174,4.35036,0.0780274,0.137654,0
-175,4.95857,0.00250661,-0.0127345,0
175,4.50385,0.153489,0.298557,1
-176,4.96088,0.00230253,-0.00518668,0
176,4.70034,0.196494,0.428011,1
-177,4.97172,0.0108443,0.0156535,0
177,4.8662,0.165862,0.515845,1
-178,4.98283,0.0111043,0.0242512,0
178,4.95916,0.0929599,0.455316,1
-179,4.97623,-0.0065918,0.0153569,0
179,4.99633,0.0371695,0.295991,1
-180,4.98684,0.0106043,0.0151168,0
180,4.99396,-0.00237226,0.127757,0
-181,4.99131,0.00447106,0.00848353,0
181,4.96773,-0.0262253,0.00857186,0
-182,5.01246,0.021154,0.0362294,0
182,4.97397,0.00623643,-0.0223612,0
-183,5.01186,-0.000603557,0.0250216,0
183,5.00495,0.0309795,0.0109906,0
-184,4.97714,-0.0347229,-0.0141724,0
184,5.01434,0.0093894,0.0466053,0
-185,4.96546,-0.0116715,-0.046998,0
185,5.01751,0.00317383,0.0435427,0
-186,4.97189,0.00642478,-0.0399697,0
186,5.00275,-0.0147651,-0.00220191,0
-187,4.9817,0.009812,0.00456524,0
187,4.99069,-0.0120603,-0.0236516,0
-188,4.9952,0.0134968,0.0297335,0
188,4.98334,-0.00735283,-0.0341783,0
-189,4.99798,0.00278139,0.0260901,0
189,4.99801,0.0146749,-0.00473821,0
-190,4.98086,-0.0171229,-0.000844717,0
190,5.02148,0.0234714,0.0307934,0
-191,4.98418,0.00332439,-0.0110171,0
191,5.01731,-0.0041678,0.0339785,0
-192,5.00685,0.0226699,0.00887144,0
192,5.01005,-0.00726652,0.012037,0
-193,5.01089,0.0040369,0.0300312,0
