0,1.85335,0,0,0
-1,1.83794,-0.0154124,-0.0154124,0
1,1.80251,-0.0508381,-0.0508381,0
-2,1.80941,-0.0285331,-0.0439456,0
2,1.74366,-0.0588562,-0.109694,0
-3,1.76819,-0.0412139,-0.0851594,0
3,1.76021,0.0165511,-0.0931432,0
-4,1.76214,-0.00604832,-0.0757953,0
4,1.77018,0.00997591,-0.0323292,0
-5,1.76819,0.00604832,-0.0412139,0
5,1.74787,-0.0223144,0.00421262,0
-6,1.75778,-0.0104163,-0.0104163,0
6,1.74299,-0.00488234,-0.0172209,0
-7,1.76602,0.00824237,0.00387442,0
7,1.77429,0.0313022,0.00410545,0
-8,1.78947,0.0234474,0.0212735,0
8,1.77024,-0.00405252,0.0223674,0
-9,1.79059,0.00112605,0.0328158,0
9,1.76819,-0.00204504,0.0252047,0
-10,1.73677,-0.0538234,-0.0292499,0
10,1.77029,0.00210083,-0.00399673,0
-11,1.65795,-0.0788144,-0.131512,0
11,1.74867,-0.0216211,-0.0215653,0
-12,1.57549,-0.0824625,-0.2151,0
12,1.74674,-0.0019356,-0.0214559,0
-13,1.46214,-0.113356,-0.274633,1
13,1.78442,0.0376817,0.014125,0
-14,1.34927,-0.112868,-0.308686,1
14,1.81453,0.030112,0.0658581,0
-15,1.25169,-0.0975761,-0.3238,1
15,1.78947,-0.0250643,0.0427294,0
-16,1.12439,-0.127303,-0.337747,1
16,1.75548,-0.0339847,-0.028937,0
-17,1.01678,-0.107608,-0.332487,1
17,1.73508,-0.0204029,-0.0794519,0
-18,0.950547,-0.0662338,-0.301144,1
18,1.74971,0.0146357,-0.0397519,0
-19,0.923685,-0.0268617,-0.200703,0
19,1.76613,0.0164208,0.0106536,0
-20,0.911627,-0.0120581,-0.105154,0
20,1.77663,0.0104963,0.0415528,0
-21,0.912908,0.00128073,-0.0376391,0
21,1.81324,0.0366127,0.0635298,0
-22,0.913558,0.000650108,-0.0101273,0
22,1.79836,-0.0148795,0.0322295,0
-23,0.88919,-0.0243673,-0.0224365,0
23,1.76,-0.0383685,-0.0166352,0
-24,0.886067,-0.0031237,-0.0268409,0
24,1.75352,-0.00647748,-0.0597254,0
-25,0.874712,-0.0113546,-0.0388457,0
25,1.76198,0.00846291,-0.036383,0
-26,0.875605,0.000892758,-0.0135856,0
26,1.78225,0.0202664,0.0222518,0
-27,0.871047,-0.00455821,-0.0150201,0
27,1.76214,-0.0201037,0.00862563,0
-28,0.898318,0.0272711,0.0236056,0
28,1.74547,-0.016675,-0.0165123,0
-29,0.914878,0.0165602,0.0392731,0
29,1.75749,0.0120171,-0.0247616,0
-30,0.906022,-0.00885618,0.0349751,0
30,1.78262,0.0251383,0.0204804,0
-31,0.886067,-0.019955,-0.012251,0
31,1.80218,0.0195549,0.0567102,0
-32,0.891064,0.00499696,-0.0238143,0
32,1.79224,-0.00994349,0.0347496,0
-33,0.871479,-0.0195844,-0.0345425,0
33,1.78889,-0.00334239,0.00626898,0
-34,0.888657,0.0171772,0.00258976,0
34,1.82369,0.0347974,0.0215116,0
-35,0.891064,0.00240719,0,0
35,1.82598,0.00228834,0.0337434,0
-36,0.890537,-0.000527084,0.0190573,0
36,1.79917,-0.0268049,0.0102808,0
-37,0.886067,-0.00446987,-0.00258976,0
37,1.77885,-0.0203212,-0.0448378,0
-38,0.871916,-0.0141504,-0.0191474,0
38,1.76595,-0.0128977,-0.0600239,0
-39,0.842331,-0.0295849,-0.0482053,0
39,1.75548,-0.0104741,-0.0436931,0
-40,0.859337,0.0170058,-0.0267296,0
40,1.73939,-0.0160874,-0.0394592,0
-41,0.898898,0.0395607,0.0269815,0
41,1.74366,0.00426364,-0.0222979,0
-42,0.855634,-0.0432637,0.0133028,0
42,1.7976,0.0539383,0.0421145,0
-43,0.814946,-0.040688,-0.044391,0
43,1.8859,0.0883073,0.146509,0
-44,0.865228,0.0502819,-0.0336698,0
44,1.97433,0.0884289,0.230674,0
-45,0.945629,0.0804007,0.0899946,0
45,2.1317,0.157366,0.334102,1
-46,0.962471,0.0168425,0.147525,0
46,2.23647,0.104772,0.350567,1
-47,0.940703,-0.0217683,0.0754749,0
47,2.4381,0.201631,0.463769,1
-48,0.898771,-0.0419317,-0.0468575,0
48,2.58594,0.147836,0.454239,1
-49,0.893351,-0.00542003,-0.06912,0
49,2.78343,0.197498,0.546965,1
-50,0.886574,-0.00677687,-0.0541286,0
50,2.84349,0.0600519,0.405386,1
-51,0.882035,-0.00453937,-0.0167363,0
51,2.87997,0.0364838,0.294034,1
-52,0.89933,0.0172955,0.00597924,0
52,2.89296,0.0129898,0.109525,0
-53,0.898771,-0.000559211,0.0121969,0
53,2.92455,0.0315933,0.0810668,0
-54,0.893881,-0.00488979,0.0118465,0
54,2.9442,0.019644,0.0642271,0
-55,0.859887,-0.0339946,-0.0394436,0
55,2.90185,-0.0423477,0.00888968,0
-56,0.825578,-0.0343094,-0.0731937,0
56,2.89161,-0.0102355,-0.0329392,0
-57,0.855634,0.0300567,-0.0382473,0
57,2.91856,0.0269477,-0.0256355,0
-58,0.944053,0.0884192,0.0841665,0
58,2.95811,0.039551,0.0562632,0
-59,0.960913,0.0168599,0.135336,0
59,2.98774,0.0296254,0.0961242,0
-60,0.893881,-0.0670318,0.0382473,0
60,2.99188,0.00414515,0.0733216,0
-61,0.881547,-0.012334,-0.062506,0
61,2.97997,-0.0119119,0.0218587,0
-62,0.876058,-0.00548935,-0.0848552,0
62,2.96079,-0.0191784,-0.0269451,0
-63,0.874712,-0.00134593,-0.0191693,0
63,2.92753,-0.0332611,-0.0643513,0
-64,0.889498,0.0147859,0.00795066,0
64,2.90185,-0.0256824,-0.0781219,0
-65,0.901042,0.0115434,0.0249834,0
65,2.96692,0.0650709,0.00612736,0
-66,0.899484,-0.00155759,0.0247717,0
66,3.00111,0.0341897,0.0735781,0
-67,0.888128,-0.0113559,-0.00137007,0
67,2.99416,-0.00695467,0.0923059,0
-68,0.911627,0.023499,0.0105855,0
68,2.96749,-0.0266616,0.000573397,0
-69,0.890015,-0.0216122,-0.00946909,0
69,2.96036,-0.00713658,-0.0407529,0
-70,0.854938,-0.0350773,-0.0331905,0
70,2.95262,-0.00773931,-0.0415375,0
-71,0.871047,0.0161092,-0.0405803,0
71,2.9462,-0.0064168,-0.0212927,0
-72,0.89434,0.0232934,0.00432533,0
72,2.9192,-0.0269988,-0.0411549,0
-73,0.892134,-0.00220633,0.0371963,0
73,2.90474,-0.0144584,-0.047874,0
-74,0.896055,0.00392157,0.0250087,0
74,2.92712,0.022377,-0.0190802,0
-75,0.881065,-0.0149906,-0.0132753,0
75,2.9681,0.040976,0.0488946,0
-76,0.901623,0.0205584,0.00948942,0
76,2.9732,0.0051055,0.0684586,0
-77,0.899484,-0.00213933,0.00342852,0
77,2.97086,-0.00234509,0.0437365,0
-78,0.89378,-0.00570387,0.0127152,0
78,2.96692,-0.00393701,-0.0011766,0
-79,0.886574,-0.00720567,-0.0150489,0
79,2.95179,-0.0151334,-0.0214155,0
-80,0.896055,0.00948101,-0.00342852,0
80,2.9346,-0.0171866,-0.036257,0
-81,0.912264,0.0162087,0.0184841,0
81,2.96523,0.0306261,-0.00169396,0
-82,0.900076,-0.0121881,0.0135016,0
82,2.97956,0.0143378,0.0277772,0
-83,0.879361,-0.0207146,-0.0166939,0
83,2.97181,-0.0077498,0.037214,0
-84,0.877445,-0.00191641,-0.0348191,0
84,2.97021,-0.00160098,0.004987,0
-85,0.906022,0.0285768,0.0059458,0
85,2.98448,0.0142689,0.0049181,0
-86,0.885564,-0.0204575,0.00620288,0
86,2.98499,0.000508547,0.0131764,0
-87,0.857438,-0.0281261,-0.0200068,0
87,2.98971,0.00471926,0.0194967,0
-88,0.816801,-0.0406368,-0.0892204,0
88,2.98706,-0.00265431,0.00257349,0
-89,0.700943,-0.115858,-0.184621,0
89,2.9635,-0.023556,-0.0214911,0
-90,0.580658,-0.120286,-0.276781,1
90,2.94028,-0.0232244,-0.0494347,0
-91,0.434136,-0.146522,-0.382666,1
91,2.9235,-0.0167794,-0.0635598,0
-92,0.256056,-0.17808,-0.444888,1
92,2.93435,0.0108588,-0.029145,0
-93,0.114392,-0.141664,-0.466266,1
93,2.96131,0.0269508,0.0210302,0
-94,0.026081,-0.088311,-0.408055,1
94,2.97802,0.0167131,0.0545228,0
-95,6.27418,-0.0350898,-0.265065,1
95,2.97249,-0.00552726,0.0381367,0
-96,6.25993,-0.0142429,-0.137644,0
96,2.97086,-0.00163412,0.00955176,0
-97,6.25904,-0.00089827,-0.0502309,0
97,2.97726,0.00640154,-0.00075984,0
-98,6.25002,-0.0090133,-0.0241544,0
98,2.99294,0.0156801,0.0204475,0
-99,6.24617,-0.00385692,-0.0137685,0
99,3.00102,0.00807762,0.0301592,0
-100,6.24684,0.000672497,-0.0121977,0
100,2.99316,-0.00785685,0.0159009,0
-101,6.25641,0.00956831,0.00638388,0
101,2.968,-0.0251577,-0.0249369,0
-102,6.23897,-0.0174396,-0.00719883,0
102,2.9423,-0.0256989,-0.0587134,0
-103,6.21188,-0.0270885,-0.0349598,0
103,2.97086,0.0285542,-0.0223024,0
-104,6.21124,-0.000640206,-0.0451684,0
104,3.01312,0.0422602,0.0451155,0
-105,6.22021,0.00896801,-0.0187607,0
105,3.03622,0.0230978,0.0939121,0
-106,6.21963,-0.000571012,0.00775679,0
106,3.02877,-0.007442,0.0579159,0
-107,6.20428,-0.0153549,-0.00695793,0
107,2.96576,-0.0630109,-0.0473552,0
-108,6.20202,-0.00225542,-0.0181814,0
108,2.92623,-0.0395274,-0.10998,0
-109,6.20856,0.00653353,-0.0110768,0
109,2.9442,0.0179622,-0.0845761,0
-110,6.20004,-0.00851373,-0.00423563,0
110,2.95918,0.0149801,-0.00658512,0
-111,6.20428,0.00423563,0.00225542,0
111,2.96637,0.00719738,0.0401397,0
-112,6.20856,0.0042781,0,0
112,2.98199,0.0156116,0.0377891,0
-113,6.21786,0.00930003,0.0178138,0
113,3.04192,0.0599377,0.0827467,0
-114,6.22223,0.00437022,0.0179484,0
114,3.09062,0.0486925,0.124242,0
-115,6.22664,0.00441381,0.0180841,0
115,3.08956,-0.00106001,0.10757,0
-116,6.2261,-0.000537343,0.00824669,0
116,3.01278,-0.0767803,-0.0291479,0
-117,6.21533,-0.010776,-0.00689957,0
117,2.93841,-0.0743704,-0.152211,0
-118,6.21923,0.00390474,-0.00740864,0
118,2.93286,-0.00555038,-0.156701,0
-119,6.22326,0.00402393,-0.00284737,0
119,2.98044,0.0475855,-0.0323353,0
-120,6.22683,0.00357762,0.0115063,0
120,3.05722,0.0767756,0.118811,0
-121,6.25831,0.03148,0.0390816,0
121,3.19155,0.134335,0.258696,1
-122,-0,0.0248705,0.0599282,0
122,3.41989,0.228341,0.439452,1
-123,6.25516,-0.02803,0.0283205,0
123,3.66504,0.245143,0.607819,1
-124,6.22279,-0.0323616,-0.0355211,0
124,3.97362,0.308588,0.782073,1
-125,6.20354,-0.0192518,-0.0796434,0
125,4.11109,0.137466,0.691197,1
-126,6.19338,-0.0101618,-0.0617752,0
126,4.33269,0.221603,0.667657,1
-127,6.20202,0.00864416,-0.0207694,0
127,4.39064,0.0579461,0.417015,1
-128,6.21598,0.0139547,0.0124371,0
128,4.41841,0.0277706,0.30732,1
-129,6.22556,0.0095779,0.0321768,0
129,4.46438,0.045974,0.131691,0
-130,6.21533,-0.0102284,0.0133042,0
130,4.45958,-0.00480032,0.0689443,0
-131,6.2133,-0.00202918,-0.00267967,0
131,4.45046,-0.00911999,0.0320537,0
-132,6.21593,0.00263008,-0.00962749,0
132,4.46537,0.0149026,0.000982285,0
-133,6.23115,0.0152196,0.0158205,0
133,4.47607,0.0107069,0.0164895,0
-134,6.22797,-0.00318387,0.0146658,0
134,4.48152,0.0054481,0.0310576,0
-135,6.19964,-0.0283287,-0.016293,0
135,4.47501,-0.00650561,0.0096494,0
-136,6.19964,0,-0.0315126,0
136,4.45338,-0.0216316,-0.0226891,0
-137,6.2186,0.0189622,-0.00936648,0
137,4.44751,-0.00587535,-0.0340126,0
-138,6.22851,0.00991483,0.0288771,0
138,4.46368,0.0161712,-0.0113357,0
-139,6.22905,0.000537582,0.0294146,0
139,4.47607,0.0123932,0.0226891,0
-140,6.21923,-0.00981783,0.000634581,0
140,4.46249,-0.0135783,0.0149862,0
-141,6.20255,-0.0166808,-0.025961,0
141,4.45704,-0.00545084,-0.0066359,0
-142,6.19348,-0.00907282,-0.0355714,0
142,4.45899,0.00194836,-0.0170808,0
-143,6.1846,-0.00887483,-0.0346284,0
143,4.46356,0.00456536,0.00106287,0
-144,6.1772,-0.00740384,-0.0253515,0
144,4.48265,0.0190904,0.0256041,0
-145,6.10333,-0.0738691,-0.0901478,0
145,4.48389,0.00124514,0.0249009,0
-146,6.00756,-0.0957759,-0.177049,0
146,4.47199,-0.0118991,0.00843644,0
-147,5.93174,-0.0758154,-0.24546,0
147,4.47792,0.00592291,-0.00473106,0
-148,5.77936,-0.152382,-0.323973,1
148,4.50156,0.0236452,0.017669,0
-149,5.58579,-0.193564,-0.421761,1
149,4.48891,-0.0126489,0.0169191,0
-150,5.60844,0.0226498,-0.323296,1
150,4.4783,-0.0106132,0.000383019,0
-151,5.38435,-0.224092,-0.395006,1
151,4.47973,0.00143278,-0.0218294,0
-152,5.51148,0.127133,-0.0743096,0
152,4.46556,-0.0141735,-0.0233539,0
-153,5.6241,0.11261,0.0156509,0
153,4.44679,-0.018773,-0.0315137,0
-154,5.49779,-0.126308,0.113435,0
154,4.44285,-0.00393796,-0.0368844,0
-155,5.57606,0.0782712,0.0645733,0
155,4.46159,0.0187377,-0.00397325,0
-156,5.49779,-0.0782712,-0.126308,0
156,4.46741,0.00582516,0.0206249,0
-157,5.40503,-0.0927563,-0.0927563,0
157,4.46195,-0.00546443,0.0190984,0
-158,5.47398,0.0689513,-0.102076,0
158,4.47214,0.0101948,0.0105555,0
-159,5.36347,-0.110516,-0.134321,0
159,4.46741,-0.00473034,0,0
-160,5.36347,0,-0.0415651,0
160,4.45393,-0.0134763,-0.00801182,0
-161,5.46838,0.104918,-0.00559825,0
161,4.4532,-0.000732422,-0.018939,0
-162,5.43537,-0.0330155,0.0719026,0
162,4.46834,0.0151389,0.00093019,0
-163,5.32705,-0.108316,-0.0364138,0
163,4.46741,-0.00093019,0.0134763,0
-164,5.24411,-0.0829389,-0.224271,0
164,4.45581,-0.0115963,0.00261235,0
-165,5.27099,0.0268753,-0.16438,0
165,4.44939,-0.00641978,-0.0189463,0
-166,5.27099,0,-0.0560637,0
166,4.45027,0.000874877,-0.0171412,0
-167,5.37836,0.10737,0.134245,0
167,4.47103,0.0207644,0.0152194,0
-168,5.27431,-0.104048,0.00332224,0
168,4.47628,0.00524187,0.0268811,0
-169,5.23154,-0.0427754,-0.0394531,0
169,4.47554,-0.000735164,0.0252711,0
-170,5.17604,-0.0554986,-0.202322,0
170,4.46837,-0.00716925,-0.00266254,0
-171,5.0929,-0.0831412,-0.181415,0
171,4.46195,-0.00642502,-0.0143294,0
-172,5.11728,0.0243855,-0.114254,0
172,4.47103,0.00908756,-0.00450671,0
173,4.45899,-0.012042,-0.00937951,0
174,4.44614,-0.0128546,-0.0158091,0
175,4.45351,0.00737262,-0.017524,0
176,4.45351,0,-0.00548196,0
177,4.44895,-0.00456154,0.00281107,0
178,4.44254,-0.0064081,-0.0109696,0
179,4.45587,0.0133326,0.00236297,0
180,4.45871,0.00284243,0.00976694,0
181,4.46741,0.00869548,0.0248705,0
182,4.4381,-0.0293142,-0.0177763,0
183,4.4497,0.0115994,-0.00901926,0
184,4.46047,0.0107772,-0.0069375,0
185,4.44464,-0.0158329,0.00654376,0
186,4.41483,-0.0298127,-0.0348684,0
187,4.41695,0.00212085,-0.0435247,0
188,4.43409,0.0171412,-0.0105506,0
189,4.42317,-0.010918,0.00834405,0
190,4.43593,0.012762,0.0189852,0
191,4.44692,0.0109837,0.0128276,0
192,4.44292,-0.00400066,0.019745,0
193,4.43538,-0.00753164,-0.000548601,0
194,4.43903,0.003649,-0.00788331,0
195,4.44534,0.00630522,0.00242257,0
196,4.45802,0.012682,0.0226362,0
197,4.4628,0.00478125,0.0237684,0
198,4.45091,-0.011892,0.00557125,0
199,4.45091,0,-0.00711071,0
200,4.4478,-0.00310516,-0.0149971,0
201,4.44292,-0.00488865,-0.00799382,0
202,4.43658,-0.00633323,-0.014327,0
203,4.42048,-0.0161028,-0.0273247,0
204,4.41571,-0.00476873,-0.0272048,0
205,4.42366,0.00794792,-0.0129236,0
206,4.43606,0.0124023,0.0155815,0
207,4.44525,0.00918472,0.0295349,0
208,4.4292,-0.016042,0.00554502,0
209,4.41279,-0.0164177,-0.023275,0
210,4.41012,-0.00267029,-0.03513,0
211,4.42881,0.0186979,-0.000390172,0
212,4.43409,0.00527501,0.0213026,0
213,4.42983,-0.00425529,0.0197176,0
214,4.41739,-0.0124462,-0.0114264,0
215,4.39417,-0.0232159,-0.0399173,0
216,4.39064,-0.0035336,-0.0391957,0
217,4.37009,-0.020545,-0.0472945,0
218,4.29534,-0.0747536,-0.0988322,0
219,4.01547,-0.279871,-0.37517,1
220,3.90929,-0.106175,-0.4608,1
221,3.71332,-0.195972,-0.582018,1
222,3.47315,-0.240175,-0.542322,1
223,3.34591,-0.127238,-0.563385,1
224,3.28903,-0.0568786,-0.424292,1
225,3.25933,-0.0297046,-0.213821,0
226,3.28992,0.0305951,-0.0559881,0
227,3.29048,0.000562191,0.00145268,0
228,3.29115,0.000669718,0.031827,0
229,3.30432,0.0131676,0.0143995,0
230,3.37082,0.0665047,0.0803421,0
231,3.33223,-0.0385931,0.0410793,0
232,3.33899,0.00675654,0.0346682,0
233,3.36839,0.0294034,-0.00243306,0
234,3.32324,-0.04515,-0.00899005,0
235,3.33079,0.00755024,-0.00819635,0
236,3.33899,0.00819635,-0.0294034,0
237,3.39204,0.0530477,0.0687943,0
238,3.43305,0.0410137,0.102258,0
239,3.43305,0,0.0940614,0
240,3.46334,0.0302937,0.0713074,0
241,3.43057,-0.0327752,-0.00248146,0
242,3.48089,0.0503173,0.0478358,0
243,3.56822,0.0873349,0.104877,0
244,3.53867,-0.0295482,0.108104,0
245,3.50414,-0.0345352,0.0232515,0
246,3.54648,0.0423477,-0.0217357,0
247,3.54648,0,0.0078125,0
248,3.52847,-0.0180161,0.0243316,0
249,3.60524,0.0767717,0.0587556,0
