0,0,105,-233
0,0,106,-233
1,1,107,-232
-1,0,108,-232
0,0,109,-232
1,1,110,-231
-1,0,111,-231
0,0,112,-231
1,1,113,-230
-1,0,114,-230
0,0,115,-230
1,1,116,-229
-1,0,117,-229
1,1,118,-228
-1,0,119,-228
0,0,120,-228
1,1,121,-227
-1,0,122,-227
0,0,123,-227
1,1,124,-226
-1,0,125,-226
0,0,126,-226
1,1,127,-225
-1,0,128,-225
0,0,129,-225
1,1,130,-224
-1,0,131,-224
0,0,132,-224
1,1,133,-223
-1,0,134,-223
1,1,135,-222
-1,0,136,-222
1,1,137,-221
-1,0,138,-221
1,1,139,-220
1,2,139,-219
-2,0,140,-219
2,2,140,-218
0,2,140,-217
0,2,140,-216
0,2,140,-215
0,2,140,-214
1,3,139,-213
-1,2,139,-212
0,2,139,-211
0,2,139,-210
0,2,139,-209
0,2,139,-208
0,2,139,-207
0,2,139,-206
0,2,139,-205
0,2,139,-204
0,2,139,-203
-1,1,140,-202
1,2,140,-201
0,2,140,-200
1,3,139,-199
-1,2,139,-198
-1,1,140,-197
1,2,140,-196
0,2,140,-195
0,2,140,-194
0,2,140,-193
0,2,140,-192
0,2,140,-191
0,2,140,-190
0,2,140,-189
0,2,140,-188
0,2,140,-187
0,2,140,-186
0,2,140,-185
0,2,140,-184
0,2,140,-183
0,2,140,-182
0,2,140,-181
0,2,140,-180
0,2,140,-179
0,2,140,-178
0,2,140,-177
0,2,140,-176
0,2,140,-175
0,2,140,-174
0,2,140,-173
0,2,140,-172
0,2,140,-171
0,2,140,-170
0,2,140,-169
0,2,140,-168
0,2,140,-167
0,2,140,-166
0,2,140,-165
0,2,140,-164
0,2,140,-163
0,2,140,-162
0,2,140,-161
0,2,140,-160
0,2,140,-159
0,2,140,-158
0,2,140,-157
0,2,140,-156
0,2,140,-155
0,2,140,-154
0,2,140,-153
0,2,140,-152
0,2,140,-151
0,2,140,-150
0,2,140,-149
0,2,140,-148
0,2,140,-147
0,2,140,-146
0,2,140,-145
0,2,140,-144
0,2,140,-143
0,2,140,-142
-1,1,141,-141
1,2,141,-140
0,2,141,-139
0,2,141,-138
0,2,141,-137
0,2,141,-136
0,2,141,-135
1,3,140,-134
-1,2,140,-133
0,2,140,-132
0,2,140,-131
1,3,139,-130
-1,2,139,-129
1,3,138,-128
0,3,137,-127
0,3,136,-126
-1,2,136,-125
1,3,135,-124
0,3,134,-123
0,3,133,-122
-1,2,133,-121
1,3,132,-120
0,3,131,-119
0,3,130,-118
0,3,129,-117
-1,2,129,-116
1,3,128,-115
0,3,127,-114
0,3,126,-113
0,3,125,-112
-1,2,125,-111
1,3,124,-110
0,3,123,-109
-1,2,123,-108
1,3,122,-107
0,3,121,-106
0,3,120,-105
0,3,119,-104
-1,2,119,-103
2,4,118,-103
-2,2,118,-102
2,4,117,-102
-2,2,117,-101
2,4,116,-101
0,4,115,-101
0,4,114,-101
0,4,113,-101
1,5,112,-102
-1,4,111,-102
0,4,110,-102
0,4,109,-102
1,5,108,-103
-1,4,107,-103
0,4,106,-103
0,4,105,-103
1,5,104,-104
-1,4,103,-104
0,4,102,-104
0,4,101,-104
0,4,100,-104
1,5,99,-105
-1,4,98,-105
0,4,97,-105
0,4,96,-105
0,4,95,-105
1,5,94,-106
-1,4,93,-106
0,4,92,-106
0,4,91,-106
1,5,90,-107
-1,4,89,-107
0,4,88,-107
1,5,87,-108
-1,4,86,-108
0,4,85,-108
0,4,84,-108
0,4,83,-108
1,5,82,-109
-1,4,81,-109
0,4,80,-109
0,4,79,-109
1,5,78,-110
-1,4,77,-110
0,4,76,-110
0,4,75,-110
1,5,74,-111
-1,4,73,-111
0,4,72,-111
0,4,71,-111
0,4,70,-111
1,5,69,-112
-1,4,68,-112
0,4,67,-112
0,4,66,-112
1,5,65,-113
-1,4,64,-113
0,4,63,-113
1,5,62,-114
-1,4,61,-114
1,5,60,-115
1,6,60,-116
0,6,60,-117
0,6,60,-118
0,6,60,-119
0,6,60,-120
1,7,61,-121
-1,6,61,-122
0,6,61,-123
0,6,61,-124
0,6,61,-125
1,7,62,-126
-1,6,62,-127
0,6,62,-128
0,6,62,-129
0,6,62,-130
1,7,63,-131
-1,6,63,-132
0,6,63,-133
0,6,63,-134
0,6,63,-135
1,7,64,-136
-1,6,64,-137
0,6,64,-138
0,6,64,-139
0,6,64,-140
1,7,65,-141
-1,6,65,-142
0,6,65,-143
0,6,65,-144
1,7,66,-145
-1,6,66,-146
0,6,66,-147
0,6,66,-148
0,6,66,-149
1,7,67,-150
-1,6,67,-151
0,6,67,-152
0,6,67,-153
0,6,67,-154
1,7,68,-155
-1,6,68,-156
0,6,68,-157
0,6,68,-158
0,6,68,-159
1,7,69,-160
-1,6,69,-161
0,6,69,-162
0,6,69,-163
0,6,69,-164
1,7,70,-165
-1,6,70,-166
0,6,70,-167
0,6,70,-168
1,7,71,-169
-1,6,71,-170
0,6,71,-171
0,6,71,-172
0,6,71,-173
1,7,72,-174
-1,6,72,-175
0,6,72,-176
0,6,72,-177
0,6,72,-178
1,7,73,-179
-1,6,73,-180
0,6,73,-181
0,6,73,-182
0,6,73,-183
1,7,74,-184
-1,6,74,-185
0,6,74,-186
0,6,74,-187
0,6,74,-188
1,7,75,-189
-1,6,75,-190
0,6,75,-191
0,6,75,-192
1,7,76,-193
-1,6,76,-194
0,6,76,-195
0,6,76,-196
0,6,76,-197
1,7,77,-198
-1,6,77,-199
0,6,77,-200
0,6,77,-201
1,7,78,-202
-1,6,78,-203
0,6,78,-204
1,7,79,-205
-1,6,79,-206
0,6,79,-207
1,7,80,-208
-1,6,80,-209
0,6,80,-210
1,7,81,-211
-1,6,81,-212
0,6,81,-213
1,7,82,-214
-1,6,82,-215
0,6,82,-216
1,7,83,-217
-1,6,83,-218
0,6,83,-219
1,7,84,-220
-1,6,84,-221
1,7,85,-222
-1,6,85,-223
0,6,85,-224
1,7,86,-225
-1,6,86,-226
0,6,86,-227
1,7,87,-228
-1,6,87,-229
0,6,87,-230
1,7,88,-231
-1,6,88,-232
0,6,88,-233
1,7,89,-234
-1,6,89,-235
1,7,90,-236
0,7,91,-237
1,8,92,-237
0,8,93,-237
0,8,94,-237
0,8,95,-237
1,9,96,-236
-1,8,97,-236
0,8,98,-236
1,9,99,-235
-1,8,100,-235
0,8,101,-235
1,9,102,-234
-1,8,103,-234
1,9,104,-233
-1,8,105,-233
0,0,105,-233
0,0,104,-233
