0,0,88,-155
-1,-1,87,-156
1,0,87,-157
0,0,87,-158
-1,-1,86,-159
1,0,86,-160
-1,-1,85,-161
1,0,85,-162
-1,-1,84,-163
1,0,84,-164
0,0,84,-165
-1,-1,83,-166
1,0,83,-167
-1,-1,82,-168
1,0,82,-169
-1,-1,81,-170
1,0,81,-171
0,0,81,-172
-1,-1,80,-173
1,0,80,-174
-1,-1,79,-175
1,0,79,-176
-1,-1,78,-177
1,0,78,-178
0,0,78,-179
-1,-1,77,-180
1,0,77,-181
-1,-1,76,-182
1,0,76,-183
0,0,76,-184
0,0,76,-185
0,0,76,-186
0,0,76,-187
1,1,77,-188
0,1,78,-189
0,1,79,-190
0,1,80,-191
0,1,81,-192
1,2,82,-192
-1,1,83,-193
0,1,84,-194
0,1,85,-195
1,2,86,-195
-1,1,87,-196
0,1,88,-197
1,2,89,-197
-1,1,90,-198
0,1,91,-199
0,1,92,-200
0,1,93,-201
1,2,94,-201
-1,1,95,-202
0,1,96,-203
0,1,97,-204
1,2,98,-204
-1,1,99,-205
0,1,100,-206
0,1,101,-207
1,2,102,-207
-1,1,103,-208
0,1,104,-209
0,1,105,-210
0,1,106,-211
1,2,107,-211
-1,1,108,-212
1,2,109,-212
0,2,110,-212
1,3,111,-211
-1,2,112,-211
1,3,113,-210
1,4,113,-209
-1,3,114,-208
1,4,114,-207
0,4,114,-206
-1,3,115,-205
1,4,115,-204
0,4,115,-203
-1,3,116,-202
1,4,116,-201
0,4,116,-200
0,4,116,-199
-1,3,117,-198
1,4,117,-197
0,4,117,-196
-1,3,118,-195
1,4,118,-194
-1,3,119,-193
1,4,119,-192
0,4,119,-191
-1,3,120,-190
1,4,120,-189
0,4,120,-188
-1,3,121,-187
1,4,121,-186
0,4,121,-185
-1,3,122,-184
1,4,122,-183
0,4,122,-182
-1,3,123,-181
1,4,123,-180
0,4,123,-179
-1,3,124,-178
1,4,124,-177
0,4,124,-176
-1,3,125,-175
1,4,125,-174
0,4,125,-173
-1,3,126,-172
1,4,126,-171
-1,3,127,-170
1,4,127,-169
0,4,127,-168
-1,3,128,-167
1,4,128,-166
0,4,128,-165
0,4,128,-164
0,4,128,-163
0,4,128,-162
0,4,128,-161
1,5,127,-160
0,5,126,-159
0,5,125,-158
0,5,124,-157
0,5,123,-156
0,5,122,-155
0,5,121,-154
0,5,120,-153
0,5,119,-152
0,5,118,-151
0,5,117,-150
0,5,116,-149
0,5,115,-148
0,5,114,-147
0,5,113,-146
0,5,112,-145
0,5,111,-144
0,5,110,-143
0,5,109,-142
0,5,108,-141
0,5,107,-140
0,5,106,-139
0,5,105,-138
0,5,104,-137
0,5,103,-136
0,5,102,-135
0,5,101,-134
0,5,100,-133
1,6,99,-133
-1,5,98,-132
2,7,97,-133
-2,5,96,-132
1,6,95,-132
0,6,94,-132
0,6,93,-132
1,7,92,-133
-1,6,91,-133
0,6,90,-133
0,6,89,-133
0,6,88,-133
0,6,87,-133
0,6,86,-133
0,6,85,-133
0,6,84,-133
0,6,83,-133
0,6,82,-133
0,6,81,-133
0,6,80,-133
0,6,79,-133
0,6,78,-133
0,6,77,-133
0,6,76,-133
0,6,75,-133
0,6,74,-133
0,6,73,-133
0,6,72,-133
0,6,71,-133
0,6,70,-133
0,6,69,-133
0,6,68,-133
0,6,67,-133
0,6,66,-133
0,6,65,-133
1,7,64,-134
-1,6,63,-134
0,6,62,-134
0,6,61,-134
0,6,60,-134
0,6,59,-134
0,6,58,-134
0,6,57,-134
1,7,56,-135
0,7,55,-136
0,7,54,-137
1,8,54,-138
-1,7,53,-139
1,8,53,-140
-1,7,52,-141
1,8,52,-142
-1,7,51,-143
1,8,51,-144
-1,7,50,-145
1,8,50,-146
-1,7,49,-147
1,8,49,-148
-1,7,48,-149
1,8,48,-150
0,8,48,-151
-1,7,47,-152
0,7,46,-153
1,8,46,-154
0,8,46,-155
-1,7,45,-156
1,8,45,-157
-1,7,44,-158
1,8,44,-159
-1,7,43,-160
0,7,42,-161
1,8,42,-162
-1,7,41,-163
1,8,41,-164
0,8,41,-165
-1,7,40,-166
0,7,39,-167
1,8,39,-168
-1,7,38,-169
1,8,38,-170
-1,7,37,-171
1,8,37,-172
-1,7,36,-173
1,8,36,-174
-1,7,35,-175
1,8,35,-176
-1,7,34,-177
1,8,34,-178
0,8,34,-179
0,8,34,-180
0,8,34,-181
1,9,35,-182
0,9,36,-183
0,9,37,-184
0,9,38,-185
0,9,39,-186
1,10,40,-186
-1,9,41,-187
0,9,42,-188
1,10,43,-188
-1,9,44,-189
0,9,45,-190
1,10,46,-190
-1,9,47,-191
0,9,48,-192
1,10,49,-192
-1,9,50,-193
1,10,51,-193
-1,9,52,-194
0,9,53,-195
0,9,54,-196
1,10,55,-196
-1,9,56,-197
1,10,57,-197
-1,9,58,-198
0,9,59,-199
1,10,60,-199
-1,9,61,-200
0,9,62,-201
1,10,63,-201
-1,9,64,-202
1,10,65,-202
-1,9,66,-203
1,10,67,-203
-1,9,68,-204
1,10,69,-204
-1,9,70,-205
1,10,71,-205
0,10,72,-205
0,10,73,-205
-1,9,74,-206
1,10,75,-206
0,10,76,-206
0,10,77,-206
0,10,78,-206
-1,9,79,-207
1,10,80,-207
0,10,81,-207
0,10,82,-207
0,10,83,-207
-1,9,84,-208
1,10,85,-208
0,10,86,-208
0,10,87,-208
0,10,88,-208
-1,9,89,-209
1,10,90,-209
0,10,91,-209
0,10,92,-209
0,10,93,-209
-1,9,94,-210
1,10,95,-210
0,10,96,-210
0,10,97,-210
0,10,98,-210
0,10,99,-210
-1,9,100,-211
1,10,101,-211
0,10,102,-211
0,10,103,-211
0,10,104,-211
0,10,105,-211
0,10,106,-211
0,0,88,-155
0,0,88,-154
-1,-1,89,-153
1,0,89,-152
-1,-1,90,-151
1,0,90,-150
0,0,90,-149
-1,-1,91,-148
1,0,91,-147
-1,-1,92,-146
1,0,92,-145
0,0,92,-144
-1,-1,93,-143
1,0,93,-142
-1,-1,94,-141
1,0,94,-140
-1,-1,95,-139
1,0,95,-138
-1,-1,96,-137
1,0,96,-136
0,0,96,-135
-1,-1,97,-134
1,0,97,-133
