0,0,295,-171
0,0,295,-172
0,0,295,-173
0,0,295,-174
1,1,296,-175
-1,0,296,-176
0,0,296,-177
0,0,296,-178
0,0,296,-179
1,1,297,-180
-1,0,297,-181
0,0,297,-182
0,0,297,-183
0,0,297,-184
1,1,298,-185
-1,0,298,-186
0,0,298,-187
0,0,298,-188
0,0,298,-189
1,1,299,-190
-1,0,299,-191
0,0,299,-192
0,0,299,-193
0,0,299,-194
1,1,300,-195
-1,0,300,-196
0,0,300,-197
0,0,300,-198
0,0,300,-199
1,1,301,-200
-1,0,301,-201
0,0,301,-202
0,0,301,-203
0,0,301,-204
1,1,302,-205
-1,0,302,-206
0,0,302,-207
0,0,302,-208
0,0,302,-209
0,0,302,-210
1,1,303,-211
-1,0,303,-212
0,0,303,-213
0,0,303,-214
0,0,303,-215
1,1,304,-216
-1,0,304,-217
0,0,304,-218
0,0,304,-219
0,0,304,-220
1,1,305,-221
-1,0,305,-222
0,0,305,-223
0,0,305,-224
0,0,305,-225
1,1,306,-226
-1,0,306,-227
1,1,307,-228
-1,0,307,-229
1,1,308,-230
0,1,309,-231
0,1,310,-232
0,1,311,-233
0,1,312,-234
1,2,313,-234
-1,1,314,-235
1,2,315,-235
-1,1,316,-236
0,1,317,-237
1,2,318,-237
-1,1,319,-238
1,2,320,-238
-1,1,321,-239
1,2,322,-239
-1,1,323,-240
1,2,324,-240
-1,1,325,-241
1,2,326,-241
-1,1,327,-242
0,1,328,-243
1,2,329,-243
-1,1,330,-244
1,2,331,-244
0,2,332,-244
-1,1,333,-245
0,1,334,-246
1,2,335,-246
-1,1,336,-247
1,2,337,-247
-1,1,338,-248
1,2,339,-248
-1,1,340,-249
1,2,341,-249
-1,1,342,-250
1,2,343,-250
-1,1,344,-251
0,1,345,-252
1,2,346,-252
-1,1,347,-253
1,2,348,-253
-1,1,349,-254
1,2,350,-254
-1,1,351,-255
1,2,352,-255
-1,1,353,-256
1,2,354,-256
-1,1,355,-257
1,2,356,-257
-1,1,357,-258
1,2,358,-258
-1,1,359,-259
0,1,360,-260
1,2,361,-260
-1,1,362,-261
1,2,363,-261
-1,1,364,-262
1,2,365,-262
-1,1,366,-263
1,2,367,-263
-1,1,368,-264
0,1,369,-265
1,2,370,-265
-1,1,371,-266
1,2,372,-266
-1,1,373,-267
1,2,374,-267
-1,1,375,-268
1,2,376,-268
-1,1,377,-269
1,2,378,-269
-1,1,379,-270
1,2,380,-270
-1,1,381,-271
1,2,382,-271
-1,1,383,-272
1,2,384,-272
-1,1,385,-273
1,2,386,-273
0,2,387,-273
-1,1,388,-274
1,2,389,-274
0,2,390,-274
0,2,391,-274
0,2,392,-274
1,3,393,-273
-1,2,394,-273
1,3,395,-272
1,4,395,-271
-1,3,396,-270
1,4,396,-269
-1,3,397,-268
0,3,398,-267
1,4,398,-266
-1,3,399,-265
0,3,400,-264
1,4,400,-263
-1,3,401,-262
1,4,401,-261
-1,3,402,-260
0,3,403,-259
0,3,404,-258
1,4,404,-257
-1,3,405,-256
0,3,406,-255
1,4,406,-254
-1,3,407,-253
1,4,407,-252
-1,3,408,-251
0,3,409,-250
0,3,410,-249
1,4,410,-248
-1,3,411,-247
0,3,412,-246
1,4,412,-245
-1,3,413,-244
0,3,414,-243
1,4,414,-242
-1,3,415,-241
0,3,416,-240
0,3,417,-239
1,4,417,-238
-1,3,418,-237
0,3,419,-236
1,4,419,-235
-1,3,420,-234
0,3,421,-233
1,4,421,-232
-1,3,422,-231
0,3,423,-230
1,4,423,-229
-1,3,424,-228
0,3,425,-227
1,4,425,-226
-1,3,426,-225
0,3,427,-224
1,4,427,-223
-1,3,428,-222
0,3,429,-221
0,3,430,-220
1,4,430,-219
-1,3,431,-218
0,3,432,-217
1,4,432,-216
-1,3,433,-215
0,3,434,-214
1,4,434,-213
-1,3,435,-212
0,3,436,-211
0,3,437,-210
1,4,437,-209
-1,3,438,-208
0,3,439,-207
1,4,439,-206
-1,3,440,-205
1,4,440,-204
-1,3,441,-203
1,4,441,-202
-1,3,442,-201
1,4,442,-200
0,4,442,-199
0,4,442,-198
0,4,442,-197
-1,3,443,-196
2,5,442,-195
-2,3,443,-194
1,4,443,-193
1,5,442,-192
-1,4,442,-191
0,4,442,-190
0,4,442,-189
0,4,442,-188
0,4,442,-187
0,4,442,-186
0,4,442,-185
0,4,442,-184
-1,3,443,-183
1,4,443,-182
0,4,443,-181
0,4,443,-180
0,4,443,-179
0,4,443,-178
0,4,443,-177
0,4,443,-176
0,4,443,-175
0,4,443,-174
0,4,443,-173
0,4,443,-172
0,4,443,-171
0,4,443,-170
0,4,443,-169
0,4,443,-168
0,4,443,-167
0,4,443,-166
0,4,443,-165
0,4,443,-164
0,4,443,-163
0,4,443,-162
0,4,443,-161
0,4,443,-160
0,4,443,-159
0,4,443,-158
0,4,443,-157
0,4,443,-156
0,4,443,-155
0,4,443,-154
0,4,443,-153
0,4,443,-152
0,4,443,-151
0,4,443,-150
0,4,443,-149
0,4,443,-148
0,4,443,-147
0,4,443,-146
0,4,443,-145
0,4,443,-144
0,4,443,-143
0,4,443,-142
-1,3,444,-141
1,4,444,-140
0,4,444,-139
0,4,444,-138
0,4,444,-137
0,4,444,-136
0,4,444,-135
0,4,444,-134
0,4,444,-133
0,4,444,-132
0,4,444,-131
0,4,444,-130
0,4,444,-129
0,4,444,-128
0,4,444,-127
0,4,444,-126
0,4,444,-125
0,4,444,-124
0,4,444,-123
0,4,444,-122
0,4,444,-121
0,4,444,-120
0,4,444,-119
0,4,444,-118
0,4,444,-117
0,4,444,-116
0,4,444,-115
0,4,444,-114
0,4,444,-113
0,4,444,-112
0,4,444,-111
0,4,444,-110
0,4,444,-109
0,4,444,-108
0,4,444,-107
0,4,444,-106
0,4,444,-105
-1,3,445,-104
1,4,445,-103
0,4,445,-102
0,4,445,-101
0,4,445,-100
0,4,445,-99
0,4,445,-98
0,4,445,-97
0,4,445,-96
0,4,445,-95
0,4,445,-94
0,4,445,-93
0,4,445,-92
0,4,445,-91
0,4,445,-90
0,4,445,-89
0,4,445,-88
0,4,445,-87
0,4,445,-86
0,4,445,-85
0,4,445,-84
0,4,445,-83
0,4,445,-82
0,4,445,-81
0,4,445,-80
0,4,445,-79
0,4,445,-78
0,4,445,-77
0,4,445,-76
0,4,445,-75
1,5,444,-74
-1,4,444,-73
1,5,443,-72
0,5,442,-71
0,5,441,-70
0,5,440,-69
1,6,439,-69
-1,5,438,-68
1,6,437,-68
-1,5,436,-67
1,6,435,-67
-1,5,434,-66
1,6,433,-66
-1,5,432,-65
1,6,431,-65
-1,5,430,-64
1,6,429,-64
0,6,428,-64
-1,5,427,-63
1,6,426,-63
-1,5,425,-62
1,6,424,-62
-1,5,423,-61
1,6,422,-61
-1,5,421,-60
1,6,420,-60
-1,5,419,-59
1,6,418,-59
-1,5,417,-58
1,6,416,-58
-1,5,415,-57
1,6,414,-57
-1,5,413,-56
1,6,412,-56
0,6,411,-56
-1,5,410,-55
1,6,409,-55
-1,5,408,-54
1,6,407,-54
-1,5,406,-53
1,6,405,-53
-1,5,404,-52
1,6,403,-52
0,6,402,-52
-1,5,401,-51
1,6,400,-51
-1,5,399,-50
1,6,398,-50
-1,5,397,-49
1,6,396,-49
0,6,395,-49
-1,5,394,-48
1,6,393,-48
-1,5,392,-47
1,6,391,-47
0,6,390,-47
-1,5,389,-46
1,6,388,-46
-1,5,387,-45
1,6,386,-45
-1,5,385,-44
1,6,384,-44
-1,5,383,-43
1,6,382,-43
-1,5,381,-42
1,6,380,-42
0,6,379,-42
-1,5,378,-41
1,6,377,-41
-1,5,376,-40
1,6,375,-40
-1,5,374,-39
1,6,373,-39
-1,5,372,-38
1,6,371,-38
-1,5,370,-37
1,6,369,-37
0,6,368,-37
-1,5,367,-36
1,6,366,-36
-1,5,365,-35
1,6,364,-35
-1,5,363,-34
1,6,362,-34
-1,5,361,-33
1,6,360,-33
0,6,359,-33
-1,5,358,-32
1,6,357,-32
-1,5,356,-31
1,6,355,-31
0,6,354,-31
-1,5,353,-30
1,6,352,-30
0,6,351,-30
0,6,350,-30
0,6,349,-30
0,6,348,-30
0,6,347,-30
0,6,346,-30
1,7,345,-31
0,7,344,-32
0,7,343,-33
0,7,342,-34
0,7,341,-35
0,7,340,-36
0,7,339,-37
0,7,338,-38
1,8,338,-39
-1,7,337,-40
0,7,336,-41
0,7,335,-42
0,7,334,-43
0,7,333,-44
1,8,333,-45
-1,7,332,-46
0,7,331,-47
0,7,330,-48
0,7,329,-49
0,7,328,-50
0,7,327,-51
1,8,327,-52
-1,7,326,-53
0,7,325,-54
0,7,324,-55
0,7,323,-56
0,7,322,-57
0,7,321,-58
1,8,321,-59
-1,7,320,-60
0,7,319,-61
0,7,318,-62
0,7,317,-63
0,7,316,-64
1,8,316,-65
-1,7,315,-66
0,7,314,-67
0,7,313,-68
0,7,312,-69
1,8,312,-70
-1,7,311,-71
0,7,310,-72
0,7,309,-73
0,7,308,-74
0,7,307,-75
0,7,306,-76
0,7,305,-77
1,8,305,-78
-1,7,304,-79
0,7,303,-80
0,7,302,-81
1,8,302,-82
-1,7,301,-83
0,7,300,-84
0,7,299,-85
0,7,298,-86
0,7,297,-87
0,7,296,-88
1,8,296,-89
-1,7,295,-90
0,7,294,-91
0,7,293,-92
0,7,292,-93
0,7,291,-94
1,8,291,-95
-1,7,290,-96
0,7,289,-97
0,7,288,-98
0,7,287,-99
1,8,287,-100
-1,7,286,-101
0,7,285,-102
1,8,285,-103
-1,7,284,-104
1,8,284,-105
-1,7,283,-106
1,8,283,-107
0,8,283,-108
0,8,283,-109
0,8,283,-110
0,8,283,-111
0,8,283,-112
0,8,283,-113
0,8,283,-114
1,9,284,-115
-1,8,284,-116
0,8,284,-117
0,8,284,-118
0,8,284,-119
1,9,285,-120
-1,8,285,-121
0,8,285,-122
0,8,285,-123
0,8,285,-124
1,9,286,-125
-1,8,286,-126
0,8,286,-127
0,8,286,-128
0,8,286,-129
1,9,287,-130
-1,8,287,-131
0,8,287,-132
0,8,287,-133
0,8,287,-134
0,8,287,-135
1,9,288,-136
-1,8,288,-137
0,8,288,-138
0,8,288,-139
0,8,288,-140
1,9,289,-141
-1,8,289,-142
0,8,289,-143
0,8,289,-144
0,8,289,-145
1,9,290,-146
-1,8,290,-147
0,8,290,-148
0,8,290,-149
1,9,291,-150
-1,8,291,-151
0,8,291,-152
0,8,291,-153
0,8,291,-154
1,9,292,-155
-1,8,292,-156
0,8,292,-157
0,8,292,-158
0,8,292,-159
1,9,293,-160
-1,8,293,-161
0,8,293,-162
0,8,293,-163
0,8,293,-164
1,9,294,-165
-1,8,294,-166
0,8,294,-167
0,8,294,-168
0,8,294,-169
1,9,295,-170
-1,8,295,-171
0,0,295,-171
0,0,295,-170
