0,0,79,-102
0,0,78,-103
0,0,77,-104
0,0,76,-105
0,0,75,-106
0,0,74,-107
1,1,74,-108
-1,0,73,-109
0,0,72,-110
1,1,72,-111
-1,0,71,-112
1,1,71,-113
1,2,72,-114
-1,1,72,-115
1,2,73,-116
-1,1,73,-117
1,2,74,-118
-1,1,74,-119
1,2,75,-120
-1,1,75,-121
1,2,76,-122
-1,1,76,-123
1,2,77,-124
0,2,78,-125
0,2,79,-126
0,2,80,-127
1,3,81,-127
-2,1,81,-128
2,3,82,-128
-1,2,83,-129
0,2,84,-130
0,2,85,-131
0,2,86,-132
1,3,87,-132
-1,2,88,-133
0,2,89,-134
0,2,90,-135
0,2,91,-136
1,3,92,-136
-1,2,93,-137
0,2,94,-138
1,3,95,-138
0,3,96,-138
0,3,97,-138
0,3,98,-138
1,4,99,-137
-1,3,100,-137
1,4,101,-136
0,4,102,-135
0,4,103,-134
0,4,104,-133
0,4,105,-132
0,4,106,-131
1,5,106,-130
-1,4,107,-129
0,4,108,-128
0,4,109,-127
0,4,110,-126
0,4,111,-125
1,5,111,-124
-2,3,112,-124
-1,2,113,-125
0,2,114,-126
-1,1,114,-127
1,2,115,-128
0,2,116,-129
1,3,117,-129
-2,1,117,-130
2,3,118,-130
0,3,119,-130
0,3,120,-130
0,3,121,-130
0,3,122,-130
0,3,123,-130
-1,2,124,-131
-1,1,124,-132
1,2,125,-133
-1,1,125,-134
1,2,126,-135
-1,1,126,-136
1,2,127,-137
0,2,128,-138
1,3,129,-138
-1,2,130,-139
0,2,131,-140
1,3,132,-140
-2,1,132,-141
2,3,133,-141
-1,2,134,-142
0,2,135,-143
0,2,136,-144
1,3,137,-144
-1,2,138,-145
1,3,139,-145
-1,2,140,-146
2,4,141,-145
0,4,142,-144
1,5,142,-143
0,5,142,-142
0,5,142,-141
0,5,142,-140
0,5,142,-139
0,5,142,-138
1,6,141,-137
-1,5,141,-136
0,5,141,-135
0,5,141,-134
0,5,141,-133
1,6,140,-132
-1,5,140,-131
0,5,140,-130
0,5,140,-129
0,5,140,-128
0,5,140,-127
1,6,139,-126
-1,5,139,-125
0,5,139,-124
0,5,139,-123
1,6,138,-122
-1,5,138,-121
0,5,138,-120
0,5,138,-119
1,6,137,-118
-1,5,137,-117
0,5,137,-116
1,6,136,-115
-1,5,136,-114
0,5,136,-113
0,5,136,-112
1,6,135,-111
-1,5,135,-110
1,6,134,-109
-1,5,134,-108
0,5,134,-107
0,5,134,-106
1,6,133,-105
-1,5,133,-104
0,5,133,-103
0,5,133,-102
0,5,133,-101
1,6,132,-100
0,6,131,-99
2,8,130,-100
0,8,129,-101
0,8,128,-102
0,8,127,-103
0,8,126,-104
1,9,126,-105
-1,8,125,-106
0,8,124,-107
0,8,123,-108
0,8,122,-109
0,8,121,-110
0,8,120,-111
0,8,119,-112
0,8,118,-113
1,9,118,-114
-2,7,117,-114
0,7,116,-114
0,7,115,-114
-2,5,115,-113
1,6,114,-112
-1,5,114,-111
0,5,114,-110
0,5,114,-109
1,6,113,-108
-1,5,113,-107
0,5,113,-106
1,6,112,-105
0,6,111,-104
0,6,110,-103
0,6,109,-102
1,7,108,-102
-1,6,107,-101
1,7,106,-101
-1,6,105,-100
0,6,104,-99
1,7,103,-99
-1,6,102,-98
1,7,101,-98
-2,5,101,-97
-1,4,102,-96
-1,3,103,-96
0,3,104,-96
-1,2,105,-97
1,3,106,-97
1,4,107,-96
0,4,108,-95
0,4,109,-94
1,5,109,-93
-1,4,110,-92
0,4,111,-91
1,5,111,-90
-1,4,112,-89
1,5,112,-88
-1,4,113,-87
1,5,113,-86
-1,4,114,-85
1,5,114,-84
-1,4,115,-83
1,5,115,-82
-1,4,116,-81
1,5,116,-80
-1,4,117,-79
1,5,117,-78
0,5,117,-77
-1,4,118,-76
0,4,119,-75
1,5,119,-74
-1,4,120,-73
1,5,120,-72
-1,4,121,-71
1,5,121,-70
-1,4,122,-69
1,5,122,-68
-1,4,123,-67
1,5,123,-66
-1,4,124,-65
1,5,124,-64
-1,4,125,-63
1,5,125,-62
-1,4,126,-61
1,5,126,-60
-1,4,127,-59
1,5,127,-58
-1,4,128,-57
1,5,128,-56
0,5,128,-55
1,6,127,-54
1,7,126,-54
-1,6,125,-53
1,7,124,-53
0,7,123,-53
-1,6,122,-52
1,7,121,-52
0,7,120,-52
-1,6,119,-51
1,7,118,-51
0,7,117,-51
-1,6,116,-50
1,7,115,-50
0,7,114,-50
-1,6,113,-49
1,7,112,-49
0,7,111,-49
-1,6,110,-48
1,7,109,-48
0,7,108,-48
0,7,107,-48
-1,6,106,-47
1,7,105,-47
0,7,104,-47
0,7,103,-47
-1,6,102,-46
1,7,101,-46
1,8,100,-47
-1,7,99,-47
0,7,98,-47
0,7,97,-47
0,7,96,-47
0,7,95,-47
0,7,94,-47
0,7,93,-47
1,8,92,-48
-1,7,91,-48
0,7,90,-48
0,7,89,-48
1,8,88,-49
-1,7,87,-49
2,9,87,-50
-1,8,86,-51
1,9,86,-52
0,9,86,-53
-1,8,85,-54
1,9,85,-55
0,9,85,-56
0,9,85,-57
-1,8,84,-58
1,9,84,-59
0,9,84,-60
0,9,84,-61
0,9,84,-62
0,9,84,-63
-1,8,83,-64
1,9,83,-65
0,9,83,-66
0,9,83,-67
0,9,83,-68
-1,8,82,-69
1,9,82,-70
0,9,82,-71
0,9,82,-72
0,9,82,-73
0,9,82,-74
-1,8,81,-75
1,9,81,-76
0,9,81,-77
0,9,81,-78
0,9,81,-79
-1,8,80,-80
1,9,80,-81
0,9,80,-82
0,9,80,-83
0,9,80,-84
0,9,80,-85
0,9,80,-86
0,9,80,-87
0,9,80,-88
1,10,81,-89
1,11,82,-89
-1,10,83,-90
1,11,84,-90
0,11,85,-90
-1,10,86,-91
1,11,87,-91
0,11,88,-91
-2,9,88,-92
0,9,88,-93
-1,8,87,-94
0,8,86,-95
0,8,85,-96
0,8,84,-97
0,8,83,-98
0,8,82,-99
0,8,81,-100
0,8,80,-101
0,8,79,-102
0,0,79,-102
0,0,80,-101
